%YAML:1.0
---
world2cam_scaled: !!opencv-matrix
   rows: 3
   cols: 3
   dt: d
   data: [ -9.8263994838339430e-01, -5.8769534746494545e-01,
       1.6850613704792454e+02, -3.6068233946290669e-02,
       2.6307961207829764e-03, -2.0420123511468958e+01,
       -1.5333531833264670e-03, 7.7881978766637652e-06,
       1.5485238347779560e-02 ]
cam2world_scaled: !!opencv-matrix
   rows: 3
   cols: 3
   dt: d
   data: [ -1.0920443272488183e-02, -5.6921266572777229e-01,
       -6.3177789117843622e+02, -1.7421255119863961e+00,
       -1.3292228309733213e+01, 1.4290962756309216e+03,
       -2.0515526920043608e-04, -4.9678379590181600e-02,
       1.3000300269664502e+00 ]
world2cam: !!opencv-matrix
   rows: 3
   cols: 3
   dt: d
   data: [ -1.6770388452409927e+02, 1.0030000596735064e+02,
       1.8056128096898469e+01, -6.1556452601669394e+00,
       -4.4898920461362779e-01, -1.9746639704548517e+01,
       -2.6169227662105032e-01, -1.3291857709506153e-03,
       1.7479017004205434e-02 ]
cam2world: !!opencv-matrix
   rows: 3
   cols: 3
   dt: d
   data: [ -6.3986972299735415e-05, -3.3352304632486562e-03,
       -3.7018235811236506e+00, 9.9000337679946374e-03,
       3.3665808670706489e-03, -6.4235659495752575e+00,
       -2.0515526920043600e-04, -4.9678379590181586e-02,
       1.3000300269664502e+00 ]
