%YAML:1.0
---
world2cam: !!opencv-matrix
   rows: 3
   cols: 3
   dt: d
   data: [ -7.3601307473825250e-01, -4.4277367209725882e-01,
       1.1467391738918631e+02, -2.5443332870282179e-02,
       4.3763528296455944e-03, -2.1518815619234648e+01,
       -1.1472044823789792e-03, 5.6284176818778313e-06,
       5.9107026173066835e-04 ]
cam2world: !!opencv-matrix
   rows: 3
   cols: 3
   dt: d
   data: [ -1.1816268506909823e-02, -8.6651032502638461e-02,
       -8.6218141230556103e+02, -2.3595090627827093e+00,
       -1.2524629979463791e+01, 1.7915706235334594e+03,
       -4.6588990249149070e-04, -4.8915680463682047e-02,
       1.3837803326431424e+00 ]
world2cam_unscaled: !!opencv-matrix
   rows: 3
   cols: 3
   dt: d
   data: [ -1.2561289808866175e+02, 7.5566706704598801e+01,
       1.3238573322880280e+00, -4.3423288098614909e+00,
       -7.4689754959284782e-01, -2.0398469294845377e+01,
       -1.9578956499267908e-01, -9.6058328437381615e-04,
       2.0319451882913554e-03 ]
cam2world_unscaled: !!opencv-matrix
   rows: 3
   cols: 3
   dt: d
   data: [ -6.9235948282674631e-05, -5.0772089357013772e-04,
       -5.0518442127278966e+00, 1.3126413561005204e-02,
       1.2983090397586383e-05, -8.4218136233016523e+00,
       -4.6588990249149060e-04, -4.8915680463682026e-02,
       1.3837803326431419e+00 ]
