%YAML:1.0
---
world2cam: !!opencv-matrix
   rows: 3
   cols: 3
   dt: d
   data: [ -3.2431808408633667e-01, -1.9727410357270378e-01,
       5.0376394380536368e+01, -1.0869318602265686e-02,
       3.6533141001136979e-04, -9.1792634343343948e+00,
       -5.0556031061832387e-04, 4.8765947125223514e-07,
       -3.9631596120815729e-04 ]
cam2world: !!opencv-matrix
   rows: 3
   cols: 3
   dt: d
   data: [ -4.7756988816857956e-03, 5.9113821692540279e-02,
       -1.9762106725275839e+03, -5.1117461335708363e+00,
       -2.8221371188682564e+01, 3.8859434689706027e+03,
       -1.9779068798843392e-04, -1.1013440103583816e-01,
       2.4947231110056989e+00 ]
world2cam_unscaled: !!opencv-matrix
   rows: 3
   cols: 3
   dt: d
   data: [ -5.5350286350734784e+01, 3.3668113676408097e+01,
       -1.2577613407580657e-01, -1.8550303747866768e+00,
       -6.2349893975273747e-02, -9.0857385933714845e+00,
       -8.6282293012193936e-02, -8.3227216427048098e-05,
       -2.7147513656760171e-04 ]
cam2world_unscaled: !!opencv-matrix
   rows: 3
   cols: 3
   dt: d
   data: [ -2.7982610634877672e-05, 3.4637004897974943e-04,
       -1.1579359409341315e+01, 2.9654951469408983e-02,
       1.5799525492966177e-04, -1.9027115346991085e+01,
       -1.9779068798843387e-04, -1.1013440103583816e-01,
       2.4947231110056984e+00 ]
