%YAML:1.0
---
world2cam: !!opencv-matrix
   rows: 3
   cols: 3
   dt: d
   data: [ 1.6676361332715868e+02, -1.0428330379498122e+02,
       4.1597387708160539e+01, -5.2519490660059613e+00,
       -8.2307684428883232e-01, 3.0384286657407092e+01,
       2.5682926070995704e-01, 2.1500930073372294e-03,
       2.1584098198720713e-02 ]
cam2world: !!opencv-matrix
   rows: 3
   cols: 3
   dt: d
   data: [ 9.9976742093947402e-05, -2.8157789591709489e-03,
       3.7711403556109269e+00, -9.5254190961238001e-03,
       8.5232402807543656e-03, 6.3593101745577494e+00,
       -2.4075204448218500e-04, 3.2655923939449022e-02,
       8.2411143302759682e-01 ]
