%YAML:1.0
---
world2cam: !!opencv-matrix
   rows: 3
   cols: 3
   dt: d
   data: [ -1.6451822623753138e+01, 9.7166605071855869e+00,
       7.4478505817626522e-02, -4.6086194305940892e-01,
       -1.1321711084260015e-01, -2.7530079181985903e+00,
       -2.5531496649505867e-02, -4.6965438393343952e-04,
       7.1766594289304647e-05 ]
cam2world: !!opencv-matrix
   rows: 3
   cols: 3
   dt: d
   data: [ -1.8468341134950863e-03, -1.0394816683657604e-03,
       -3.7958493719034735e+01, 9.9818134093460742e-02,
       1.0232227466698413e-03, -6.4338641158140902e+01,
       -3.7958427669706786e-03, -3.6310712445599264e-01,
       9.0002865864038046e+00 ]

#%YAML:1.0
#---
#world2cam: !!opencv-matrix
   #rows: 3
   #cols: 3
   #dt: d
   #data: [ -1.6454678802816233e+01, 9.7178143090778253e+00,
       #7.6274139357181442e-02, -4.6097149691704070e-01,
       #-1.1278120019735301e-01, -2.7530112889642062e+00,
       #-2.5533286073645852e-02, -4.6902044025562406e-04,
       #7.2437167302292135e-05 ]
#cam2world: !!opencv-matrix
   #rows: 3
   #cols: 3
   #dt: d
   #data: [ -1.8441479404911010e-03, -1.0498215010347201e-03,
       #-3.7957166867990601e+01, 9.9810866093586956e-02,
       #1.0723789938766465e-03, -6.4341505986047352e+01,
       #-3.7801115003864654e-03, -3.6310675891825778e-01,
       #8.9914939312844062e+00 ]
